100
200
-7 -79 -12
38 -24 73
8 58 -71
-27 38 -89
10 75 52
96 -90 -89
-67 2 -100
-10 34 78
-74 -37 68
13 -11 39
-68 43 78
-39 35 53
90 -61 55
74 76 -58
-33 -26 -44
86 26 -65
24 96 71
-45 -9 -32
-70 -28 -96
26 -15 65
-54 -27 -85
32 -7 75
-49 -3 74
23 -56 42
45 95 10
19 76 93
-43 85 -62
86 -65 -96
-12 -72 62
70 -29 80
-89 50 -32
2 45 17
41 76 63
96 -77 17
-28 50 58
98 -69 -80
-52 27 82
59 58 -74
-10 -34 4
-100 7 44
-87 59 -74
59 86 26
18 -5 3
79 -44 -40
26 -59 37
-22 -41 -29
-68 -86 -76
-36 81 -95
65 -7 -56
39 60 -36
-68 45 81
80 98 17
-17 -81 -87
-55 -8 -1
76 22 -48
64 28 19
-19 -39 -88
-31 -10 49
30 30 -88
-58 64 89
7 13 -63
56 -78 -32
93 -37 47
-48 73 11
-9 66 99
19 50 -20
-25 -53 52
-32 36 -98
5 58 -11
31 68 57
94 -97 -33
-12 100 -93
58 -69 -63
10 -1 -18
-51 1 -14
-47 -35 24
-35 42 -8
91 -70 -86
88 -58 53
-96 -18 -96
37 -47 -62
98 -100 -62
9 50 58
5 -68 -30
1 -17 -69
84 6 -79
71 -15 87
-61 42 3
-40 69 -13
-40 40 54
-91 42 -35
39 -70 47
-76 12 2
-86 -13 69
6 -10 48
-17 -84 -63
8 75 57
-2 97 -16
74 -19 66
-33 -56 55
-77 6 88
77 95 90
10 11 -75
13 -86 -89
-16 -42 43
-72 -68 69
-99 -49 32
48 -64 1
56 -25 4
34 -30 -27
-58 -48 -59
10 86 -28
68 -68 -57
-99 70 -23
4 71 -36
13 73 -59
57 32 91
-7 -46 -95
-32 -53 -75
31 -13 -2
-63 -24 -20
-10 -46 70
59 11 41
29 8 -30
-30 76 49
55 81 76
17 40 76
40 79 15
-99 30 -5
-48 -44 -25
-43 -59 -38
-99 42 18
81 -24 35
28 -25 -61
-31 41 9
-6 74 91
-52 -39 82
94 60 -56
-31 -83 15
-69 -78 1
28 88 -12
64 -46 -53
-82 12 -90
-16 -22 76
-62 76 -6
-44 -4 89
-69 0 -53
57 41 -79
47 -94 46
-40 -39 8
83 94 -77
0 87 73
-69 -37 -36
7 54 -43
-95 89 -4
70 -73 -40
-8 -65 96
-60 -33 -3
0 -45 -91
-67 -23 -8
95 -58 64
39 76 15
72 -37 -2
-64 -41 -42
-52 44 -78
81 29 -38
-96 -51 -9
58 -66 97
45 66 -83
-16 34 34
5 -91 -84
-42 63 93
21 -74 -38
80 -17 -24
57 -23 33
98 42 -73
28 -65 54
27 -9 90
-3 12 24
-40 88 17
86 92 15
-13 18 -12
-12 95 62
-71 87 -49
-54 64 -27
35 77 52
34 -94 -99
-69 -3 -90
30 -86 -43
-1 44 -70
38 -36 78
5 54 81
3 51 46
-98 50 -88
-38 77 60
38 27 93
-8 50 86
52 -61 -21
-60 32 -26
97 1 10
