50
60
-47 37 -4
-18 34 -6
-46 39 -19
-47 -31 34
-46 -3 12
31 -37 -44
1 16 -38
-19 18 38
-9 -46 21
-21 11 -38
-39 40 -12
40 -37 18
6 33 29
23 -11 20
14 18 15
-46 17 -4
-25 -4 -46
-48 43 -46
32 -30 -7
-49 -15 -14
41 -17 -31
-36 -45 -18
-39 31 22
-31 -17 20
42 -1 44
10 15 1
-44 28 -46
-42 -9 -47
24 -5 32
-2 -26 -7
30 -41 21
-4 -40 -10
-34 6 -44
19 47 -30
-21 -8 -6
-25 7 12
10 -16 -25
-22 -7 13
-16 -7 25
-39 37 -9
-31 16 -15
3 38 49
24 -44 9
-12 -24 2
30 -19 -34
10 32 24
-45 29 -22
-49 29 -49
43 32 -2
-21 -44 -39
0 38 -10
-15 50 -48
36 5 -46
-30 40 11
-27 4 -42
25 -50 -36
29 -31 -12
-18 -14 -44
47 -39 32
-21 25 5
